000,000,000,000,000,000,000,000,000,000,000,000,000,000,000,000,000,000,000,000
000,000,000,000,000,000,000,000,000,000,000,000,000,000,000,036,111,111,048,000
000,036,111,111,048,000,000,000,000,000,000,000,000,000,000,115,127,127,123,000
000,115,127,127,123,048,000,000,000,000,000,000,000,000,036,127,127,127,075,000
000,127,127,127,127,123,000,000,000,000,000,000,000,036,119,127,127,127,000,000
000,127,127,127,127,127,060,000,000,000,000,000,036,119,127,127,127,127,000,000
000,127,127,127,127,127,123,048,000,000,000,036,119,127,127,127,127,127,000,000
000,127,127,127,123,127,127,123,048,000,036,119,127,127,127,127,127,127,000,000
000,127,127,127,103,127,127,127,123,036,119,127,127,127,075,127,127,127,000,000
000,123,127,127,123,060,127,127,127,119,127,127,127,075,036,127,127,127,000,000
000,060,127,127,127,000,123,127,127,127,127,127,075,000,115,127,127,127,000,000
000,000,127,127,127,000,060,127,127,127,127,075,000,000,127,127,127,075,000,000
000,000,127,127,127,000,000,060,127,127,075,000,000,000,127,127,127,000,000,000
000,000,127,127,127,000,000,000,000,000,000,000,000,000,127,127,127,000,000,000
000,000,123,127,127,000,000,000,000,000,000,000,000,000,127,127,127,000,000,000
000,000,060,127,075,000,000,000,000,000,000,000,000,000,123,127,127,000,000,000
000,000,000,000,000,000,000,000,000,000,000,000,000,000,060,127,075,000,000,000
000,000,000,000,000,000,000,000,000,000,000,000,000,000,000,000,000,000,000,000
000,000,000,000,000,000,000,000,000,000,000,000,000,000,000,000,000,000,000,000
000,000,000,000,000,000,000,000,000,000,000,000,000,000,000,000,000,000,000,000
