00110011101000000000000000
00000000000000000000000000
00110011011000000001111110
00000000000000000000000000
00110001100000000011111010
00000000000000000000000000
10000111100111010000000000
00000000000000000000000000
00000000000000000000000000
00000000000000000000000000
00111010110111000000000001
00111010111111000000000010
00111011000111000000000011
00111011001111000000000100
00001101000101100000000010
00000000000000000000000000
00000000000000000000000000
00000000000000000000000000
00000101001010001011100000
00000000000000000000000000
00000000000000000000000000
00000000000000000000000000
00110100000010010000000011
00000000000000000000000000
00000000000000000000000000
00000000000000000000000000
10001100000110110000000000
00100111011110110000000001
00001101000101110000000010
00000000000000000000000000
00000000000000000000000000
00000000000000000000000000
00000101001010001011000000
00000000000000000000000000
00000000000000000000000000
00000000000000000000000000
00110100000010010000000011
00000000000000000000000000
00000000000000000000000000
00000000000000000000000000
10001100000110110000000000
00100111011110110000000001
00001101000101100000000010
00000000000000000000000000
00000000000000000000000000
00000000000000000000000000
00000101001010001100000000
00000000000000000000000000
00000000000000000000000000
00000000000000000000000000
00110100000010010000000011
00000000000000000000000000
00000000000000000000000000
00000000000000000000000000
00010010000000000000000000
00000000000000000000000000
10001100000110110000000000
00100111011110110000000001
00001101000101110000000010
00000000000000000000000000
00000000000000000000000000
00000000000000000000000000
00000101001010001100100000
00000000000000000000000000
00000000000000000000000000
00000000000000000000000000
00110100000010010000000011
00000000000000000000000000
00000000000000000000000000
00000000000000000000000000
00010001111000000000000000
00000000000000000000000000
10001100000110110000000000
00100111011110110000000001
00001101000100000000000010
00000000000000000000000000
00000000000000000000000000
00000000000000000000000000
00000101001010000111100000
00000000000000000000000000
00000000000000000000000000
00000000000000000000000000
00110100000010010000000011
00000000000000000000000000
00000000000000000000000000
00000000000000000000000000
10001100000110110000000000
00100111011110110000000001
00001101000011110000000010
00000000000000000000000000
00000000000000000000000000
00000000000000000000000000
00000101001010001000000000
00000000000000000000000000
00000000000000000000000000
00000000000000000000000000
00110100000010010000000011
00000000000000000000000000
00000000000000000000000000
00000000000000000000000000
10001100000110110000000000
00100111011110110000000001
00001101000110000000000010
00000000000000000000000000
00000000000000000000000000
00000000000000000000000000
00000101001010001011000000
00000000000000000000000000
00000000000000000000000000
00000000000000000000000000
00110100000010010000000011
00000000000000000000000000
00000000000000000000000000
00000000000000000000000000
00010010000000000000000000
00000000000000000000000000
10001100000110110000000000
00100111011110110000000001
00001101000110010000000010
00000000000000000000000000
00000000000000000000000000
00000000000000000000000000
00000101001010001011100000
00000000000000000000000000
00000000000000000000000000
00000000000000000000000000
00110100000010010000000011
00000000000000000000000000
00000000000000000000000000
00000000000000000000000000
00010001111000000000000000
00000000000000000000000000
10001100000110110000000000
00100111011110110000000001
00001101000100000000000010
00000000000000000000000000
00000000000000000000000000
00000000000000000000000000
00000101001010000111100000
00000000000000000000000000
00000000000000000000000000
00000000000000000000000000
00110100000010010000000011
00000000000000000000000000
00000000000000000000000000
00000000000000000000000000
10001100000110110000000000
00100111011110110000000001
00001101000011110000000010
00000000000000000000000000
00000000000000000000000000
00000000000000000000000000
00000101001010001000000000
00000000000000000000000000
00000000000000000000000000
00000000000000000000000000
00110100000010010000000011
00000000000000000000000000
00000000000000000000000000
00000000000000000000000000
10001100000110110000000000
00100111011110110000000001
00001101000110000000000010
00000000000000000000000000
00000000000000000000000000
00000000000000000000000000
00000101001010001100100000
00000000000000000000000000
00000000000000000000000000
00000000000000000000000000
00110100000010010000000011
00000000000000000000000000
00000000000000000000000000
00000000000000000000000000
10001100000110110000000000
00100111011110110000000001
00001101000110010000000010
00000000000000000000000000
00000000000000000000000000
00000000000000000000000000
00000101001010001100000000
00000000000000000000000000
00000000000000000000000000
00000000000000000000000000
00110100000010010000000011
00000000000000000000000000
00000000000000000000000000
00000000000000000000000000
10001100000110110000000000
00100111011110110000000001
00100111101111010000000001
00000000000000000000000000
00000000000000000000000000
00000000000000000000000000
111101111010110000000010100000000011
00001111010011000000000001
