00000000000000000000000000000000
00111000000000000000000010100000
00111000000100000000000001100000
00111000001000000000000011000000
00111000001100000000000101000000
00000000000000000000000000000000
00000011011000011000010000000000
00010011011100001000000000001010
00100101100000011000010000000000
00110101100100001000000000001010
00110110000000000000000000000001
00101000010000011000000000000000
00000000000000000000000000000000
00000000000000000000000000000000
01100010101000001000010000000000
00000000000000000000000000000000
01110010101100001000000000000010
01100100101000001000010000000000
00000000000000000000000000000000
00000000000000000000000000000000
01110100101100001000000000000001
00000000000000000000000000000000
01100110110000001000010000000000
00000000000000000000000000000000
00000000000000000000000000000000
00111000110100000000000000000000
00000000000000000000000000000000
00000000000000000000000000000000
00000000000000000000000000000000
00111000000000000000000010100000
00111000000100000000000001100000
00111000001000000000000011000000
00111000001100000000000101000000
00000000000000000000000000000000
00000011011000011000010000000000
00010011011100001000000000001010
00100101100000011000010000000000
00110101100100001000000000001010
00110110000000000000000000000001
00101000010000011000000000000000
00000000000000000000000000000000
00000000000000000000000000000000
01100010101000001000010000000000
00000000000000000000000000000000
01110010101100001000000000000010
01100100101000001000010000000000
00000000000000000000000000000000
00000000000000000000000000000000
01110100101100001000000000000001
00000000000000000000000000000000
01100110110000001000010000000000
00000000000000000000000000000000
00000000000000000000000000000000
00111000110100000000000000000000
00000000000000000000000000000000
00000000000000000000000000000000
000010010110000000000000000
000010010111000000000000000
000010011000000000000000000
000010011001000000000000000
000010011010000000000000000
000010011011000000000000000
000010011100000000000000000
00000000000000000000000000000000
000010011111000000000000000
00000000000000000000000000000000
000010000100000000000000000
00011010100000100000000000001000
000010000110000000000000000
00011010100100110000000000001000
000010000101000000000000000
00011010011100100000000000001000
000010000011000000000000000
00000000000000000000000000000000
00000100010000100010000000000000
000010011010000000000000000
10110011011010110000000000000000
00000100101011100000110000000000
00100010101001000010110000000000
10010110101010110000000000000000
00010011011010110000000000000001
00010011101011010000000000000001
11010011101011011000000000010010
11011011011010111000000000010101
00000100011000110010010000000000
000010011010000000000000000
10110011011110111000000000000000
00000100101011100000110000000000
00100010101100111011000000000000
10010110101110111000000000000000
00010011011110111000000000000001
00010011101011010000000000000001
11010011101011011000000000100000
11011011011111000000000000100011
00000100010100101001110000000000
000010011010000000000000000
10110011100011000000000000000000
00000100101011100000110000000000
00100010110001001011010000000000
10010110110011000000000000000000
00010011100011000000000000000001
00010011101011010000000000000001
11010011101011011000000000101110
11011011100011001000000000110001
